%YAML:1.0
calibration_time: "Tue Oct 21 14:19:52 2014"
nframes: 10
image_width: 640
image_height: 480
board_width: 7
board_height: 7
square_size: 1.
flags: 0
camera_matrix: !!opencv-matrix
   rows: 3
   cols: 3
   dt: d
   data: [ 9.0104008918292504e+02, 0., 3.1060814460366163e+02, 0.,
       8.9576184288067748e+02, 1.8777068692669340e+02, 0., 0., 1. ]
distortion_coefficients: !!opencv-matrix
   rows: 5
   cols: 1
   dt: d
   data: [ 1.9410139665489129e-01, 2.1066605558625389e+00,
       -3.3832941998685938e-02, -1.9747119072161421e-03,
       -2.3219383784516278e+01 ]
avg_reprojection_error: 5.2780357959585789e-01
per_view_reprojection_errors: !!opencv-matrix
   rows: 10
   cols: 1
   dt: f
   data: [ 5.70853174e-01, 3.23021978e-01, 3.46878707e-01,
       7.27366209e-01, 3.50543290e-01, 8.21769059e-01, 7.43213296e-01,
       3.56814504e-01, 3.29033166e-01, 3.46457452e-01 ]
# a set of 6-tuples (rotation vector + translation vector) for each view
extrinsic_parameters: !!opencv-matrix
   rows: 10
   cols: 6
   dt: d
   data: [ -2.1537288361765404e-02, 1.9294882239006822e-01,
       1.4185716888727244e+00, 7.7309673534730372e-01,
       -4.1282680492116839e+00, 2.6918806617258038e+01,
       -3.3149449422732589e-02, 4.7128339983526696e-02,
       1.3905367335899801e+00, 2.7553429169263586e+00,
       -1.1068799011058899e+00, 2.8051277317840754e+01,
       1.6700041221049508e-01, 1.5809525750938658e-01,
       1.3637080433163955e+00, 4.3782847737994803e+00,
       -2.6272054852822344e+00, 2.8739642885935911e+01,
       4.6294254540602525e-01, 3.5382071471941201e-01,
       1.2961661195014194e+00, 4.9960082834532775e+00,
       -3.5495292755246308e+00, 2.7219839234333946e+01,
       -1.5114134979295649e-01, -6.8572728065756219e-02,
       1.3605383143697534e+00, 4.6407634888713938e+00,
       -2.3788046275141532e+00, 3.4552476806915095e+01,
       -2.1468563451481684e-01, -5.4461903753146756e-01,
       -8.8778123509039741e-02, -3.4927713916875054e+00,
       -1.3247155060164320e+00, 3.3739148253918557e+01,
       -2.5607064441925453e-01, -4.9567109347491678e-01,
       -3.8679252201799658e-02, -4.8741492406974762e+00,
       -1.8702169375523252e+00, 3.1459043895449810e+01,
       -2.1180777253891772e-01, 5.7111371372385610e-02,
       1.4444654183395567e+00, 2.6928778263834814e+00,
       -3.3502302900871466e+00, 3.1560692102180003e+01,
       7.9942693613258078e-02, 1.8865365856560129e-01,
       1.3839600160837899e+00, 3.5767694720442336e+00,
       -3.9131024360639111e+00, 3.0361752085634397e+01,
       -1.5105781320736211e-01, 6.0183327725320077e-02,
       1.3561114352795625e+00, 4.7208534241292206e+00,
       -4.4721440160016952e+00, 3.2160034479059050e+01 ]
image_points: !!opencv-matrix
   rows: 10
   cols: 49
   dt: "2f"
   data: [ 3.36181549e+02, 4.74398537e+01, 3.41041290e+02,
       8.03511887e+01, 3.45843781e+02, 1.13652298e+02, 3.50745239e+02,
       1.46640015e+02, 3.55446960e+02, 1.80453125e+02, 3.60404419e+02,
       2.13793228e+02, 3.65222382e+02, 2.47865479e+02, 3.03080078e+02,
       5.35815086e+01, 3.07786469e+02, 8.63175583e+01, 3.12544708e+02,
       1.19467278e+02, 3.17165436e+02, 1.52310898e+02, 3.22227570e+02,
       1.85996613e+02, 3.26856415e+02, 2.19107513e+02, 3.31783630e+02,
       2.53006271e+02, 2.70671539e+02, 5.94117432e+01, 2.75221436e+02,
       9.19227066e+01, 2.79982666e+02, 1.24998383e+02, 2.84576569e+02,
       1.57683014e+02, 2.89247253e+02, 1.91272690e+02, 2.94097839e+02,
       2.24289337e+02, 2.98777618e+02, 2.57681213e+02, 2.37733398e+02,
       6.50393677e+01, 2.42220749e+02, 9.74825439e+01, 2.46841507e+02,
       1.30340149e+02, 2.51306610e+02, 1.63116730e+02, 2.56149628e+02,
       1.96534180e+02, 2.60671692e+02, 2.29103897e+02, 2.65285461e+02,
       2.62870117e+02, 2.05530029e+02, 7.04679108e+01, 2.09859467e+02,
       1.02539574e+02, 2.14298126e+02, 1.35410889e+02, 2.18912231e+02,
       1.67900208e+02, 2.23135788e+02, 2.01465164e+02, 2.27755295e+02,
       2.34308685e+02, 2.32171829e+02, 2.67760376e+02, 1.72389709e+02,
       7.54817963e+01, 1.76640900e+02, 1.07472336e+02, 1.81007645e+02,
       1.40216904e+02, 1.85165009e+02, 1.72782135e+02, 1.89577591e+02,
       2.06204712e+02, 1.93929276e+02, 2.39195114e+02, 1.98321503e+02,
       2.72653473e+02, 1.39539078e+02, 7.95059128e+01, 1.43676361e+02,
       1.11822006e+02, 1.47780045e+02, 1.44579941e+02, 1.51968155e+02,
       1.77467346e+02, 1.56251740e+02, 2.10720154e+02, 1.60440613e+02,
       2.43668137e+02, 1.64899612e+02, 2.77559387e+02, 3.99836700e+02,
       1.51858231e+02, 4.05647583e+02, 1.83330429e+02, 4.11411285e+02,
       2.15015793e+02, 4.17217133e+02, 2.46178360e+02, 4.22995758e+02,
       2.77895966e+02, 4.28789398e+02, 3.09207123e+02, 4.34831116e+02,
       3.41094910e+02, 3.67641998e+02, 1.58075150e+02, 3.73277039e+02,
       1.89194504e+02, 3.79142273e+02, 2.20734695e+02, 3.84872711e+02,
       2.51958420e+02, 3.90780975e+02, 2.83533661e+02, 3.96527374e+02,
       3.14704285e+02, 4.02467651e+02, 3.46480743e+02, 3.36093689e+02,
       1.64067673e+02, 3.41810333e+02, 1.95101654e+02, 3.47543335e+02,
       2.26669937e+02, 3.53329407e+02, 2.57631195e+02, 3.59124756e+02,
       2.89128937e+02, 3.64837494e+02, 3.20200775e+02, 3.70832306e+02,
       3.51803070e+02, 3.04221893e+02, 1.69954971e+02, 3.09878387e+02,
       2.00897507e+02, 3.15653992e+02, 2.32305786e+02, 3.21285065e+02,
       2.63200104e+02, 3.27024475e+02, 2.94734772e+02, 3.32855469e+02,
       3.25810699e+02, 3.38521362e+02, 3.57542450e+02, 2.72981964e+02,
       1.75794724e+02, 2.78672638e+02, 2.06646332e+02, 2.84348267e+02,
       2.37951797e+02, 2.90028595e+02, 2.68840515e+02, 2.95763336e+02,
       3.00383270e+02, 3.01338226e+02, 3.31607056e+02, 3.07088104e+02,
       3.63249023e+02, 2.41042496e+02, 1.81381363e+02, 2.46649902e+02,
       2.12313812e+02, 2.52193298e+02, 2.43662842e+02, 2.58007690e+02,
       2.74669739e+02, 2.63460480e+02, 3.06385925e+02, 2.69275391e+02,
       3.37503479e+02, 2.75094055e+02, 3.69405273e+02, 2.09291626e+02,
       1.86724243e+02, 2.14987976e+02, 2.17798386e+02, 2.20692810e+02,
       2.49289352e+02, 2.26283432e+02, 2.80532898e+02, 2.31788818e+02,
       3.12312836e+02, 2.37476807e+02, 3.43514801e+02, 2.43263229e+02,
       3.75501129e+02, 4.49133240e+02, 1.03676598e+02, 4.55397522e+02,
       1.34876038e+02, 4.61633942e+02, 1.66092010e+02, 4.67696655e+02,
       1.96798950e+02, 4.73856171e+02, 2.27776291e+02, 4.80002014e+02,
       2.58198792e+02, 4.86092499e+02, 2.89114258e+02, 4.17659912e+02,
       1.11168434e+02, 4.23859436e+02, 1.41684219e+02, 4.30050354e+02,
       1.72657822e+02, 4.36061218e+02, 2.02958221e+02, 4.42238312e+02,
       2.33603073e+02, 4.48363007e+02, 2.63622894e+02, 4.54453979e+02,
       2.94020905e+02, 3.87283325e+02, 1.18312805e+02, 3.93339386e+02,
       1.48492813e+02, 3.99513733e+02, 1.78948303e+02, 4.05642212e+02,
       2.08914429e+02, 4.11763794e+02, 2.39225800e+02, 4.17657959e+02,
       2.68880310e+02, 4.23826996e+02, 2.98996185e+02, 3.56971832e+02,
       1.25173424e+02, 3.63028473e+02, 1.55123230e+02, 3.69196503e+02,
       1.85285843e+02, 3.75129272e+02, 2.14918213e+02, 3.81249084e+02,
       2.44922760e+02, 3.87285767e+02, 2.74199249e+02, 3.93302979e+02,
       3.03941650e+02, 3.27706421e+02, 1.32011948e+02, 3.33760773e+02,
       1.61538773e+02, 3.39886505e+02, 1.91405823e+02, 3.45881104e+02,
       2.20671646e+02, 3.51785187e+02, 2.50456268e+02, 3.57730133e+02,
       2.79317169e+02, 3.63748077e+02, 3.09103546e+02, 2.98218079e+02,
       1.38633591e+02, 3.04218353e+02, 1.67843918e+02, 3.10179199e+02,
       1.97526794e+02, 3.16169708e+02, 2.26605988e+02, 3.22102905e+02,
       2.56020386e+02, 3.28102051e+02, 2.84950317e+02, 3.34044403e+02,
       3.14306763e+02, 2.69206268e+02, 1.44817459e+02, 2.75120392e+02,
       1.73826721e+02, 2.81198212e+02, 2.03390320e+02, 2.87202271e+02,
       2.32302109e+02, 2.93231537e+02, 2.61518738e+02, 2.99080627e+02,
